21.6633 0101101110000001011010100000001101111010011000001011100111001101011011111010101011010000110101100100
78.0742 1010110111110110000100010010010101100001000100010101001001110000001010111000110110110010111000111101
0.592845 0.844266 0.857946 0.847252 0.623564 0.384382 0.297535 0.056713 0.272656 0.477665 0.812169 0.479977 0.392785 0.836079 0.337396 0.648172 0.368242 0.957155 0.140351 0.870087 0.473608 0.800911 0.520477 0.67888 0.720633 0.58202 0.537373 0.758616 0.105908 0.4736 0.186332 0.736918 
0.21655 0.135218 0.324141 0.149675 0.222321 0.386489 0.902598 0.44995 0.613063 0.902349 0.0992804 0.969809 0.65314 0.17091 0.358152 0.750686 0.607831 0.325047 0.0384254 0.634274 0.958949 0.65279 0.635059 0.9953 0.58185 0.414369 0.474698 0.62351 0.338008 0.674752 0.317202 0.778345 
0.949571 0.662527 0.0135716 0.622846 0.67366 0.971945 0.878193 0.509624 0.0557147 0.451159 0.0199877 0.441711 0.979587 0.359444 0.480894 0.688661 0.880476 0.918235 0.216822 0.565189 0.865103 0.508969 0.916723 0.921158 0.0831125 0.277719 0.0093567 0.842342 0.647174 0.841386 0.26473 0.397821 
0.552821 0.16494 0.369808 0.146442 0.569618 0.703737 0.288476 0.433288 0.756107 0.396098 0.896038 0.638921 0.891554 0.680056 0.449198 0.978571 0.116202 0.767024 0.41182 0.675439 0.249796 0.313218 0.965416 0.588465 0.659668 0.533206 0.230533 0.394869 0.618809 0.474868 0.470132 0.716075 
0.287991 0.383462 0.74917 0.878452 0.102863 0.0923739 0.354047 0.551816 0.0336251 0.968962 0.320997 0.221263 0.141264 0.0972599 0.984042 0.260341 0.537023 0.447926 0.0995691 0.352312 0.469249 0.84114 0.904648 0.0375594 0.508315 0.166848 0.779051 0.864933 0.411397 0.139973 0.0332224 0.982575 
0.373291 0.420075 0.0505881 0.365496 0.016628 0.230742 0.764912 0.944124 0.749999 0.339404 0.489549 0.338985 0.17949 0.170987 0.463451 0.874573 0.94412 0.608253 0.596655 0.783644 0.500026 0.0503701 0.699098 0.992396 0.267263 0.679091 0.864281 0.750844 0.96449 0.554242 0.212391 0.222443 
0.218749 0.569574 0.452109 0.970237 0.680545 0.0852956 0.0564183 0.487838 0.881005 0.976404 0.617658 0.542499 0.854614 0.743835 0.478596 0.677082 0.607045 0.714697 0.469497 0.456015 0.906418 0.13722 0.229219 0.881585 0.904425 0.645785 0.324683 0.519711 5.53505e-05 0.31186 0.425452 0.885338 
0.679879 0.45613 0.483409 0.788739 0.229442 0.880298 0.313692 0.957451 0.471752 0.711584 0.153694 0.730442 0.646264 0.214881 0.186458 0.80758 0.747079 0.674847 0.276894 0.174909 0.704474 0.46315 0.840429 0.204866 0.164959 0.124833 0.722081 0.030453 0.746994 0.0925962 0.21745 0.749254 
0.731694 0.0456146 0.209157 0.286915 0.677263 0.0630383 0.555649 0.00924007 0.833038 0.984329 0.703495 0.181631 0.512393 0.580447 0.787542 0.606475 0.218403 0.455169 0.87887 0.492268 0.715561 0.48616 0.708548 0.49814 0.84455 0.194342 0.773326 0.974259 0.86231 0.780427 0.985032 0.75357 
0.00404811 0.269479 0.410492 0.428224 0.297842 0.401132 0.120657 0.9807 0.40612 0.569211 0.343605 0.788873 0.411372 0.359271 0.399499 0.301831 0.77522 0.926213 0.32531 0.952871 0.0139484 0.533466 0.304582 0.88286 0.250623 0.677412 0.810424 0.432148 0.752135 0.829602 0.379034 0.0965496 
0.25614 0.591935 0.476477 0.487935 0.458515 0.524593 0.442015 0.852635 0.433439 0.82687 0.509342 0.086377 0.66004 0.206595 0.847275 0.681359 0.178367 0.069859 0.00968817 0.89205 0.133465 0.779192 0.925163 0.715179 0.490819 0.469498 0.882709 0.48841 0.414567 0.174112 0.475289 0.783648 
0.556429 0.159867 0.143829 0.649463 0.539224 0.325685 0.147014 0.15987 0.129412 0.578922 0.0922602 0.910545 0.0829717 0.800378 0.877131 0.0934595 0.426306 0.473221 0.580197 0.716244 0.027069 0.731397 0.766964 0.00976643 0.308286 0.232865 0.503427 0.953721 0.557811 0.0974687 0.621678 0.863023 
0.157632 0.99243 0.0850011 0.0944579 0.633608 0.949297 0.936746 0.447378 0.727696 0.742238 0.306986 0.119771 0.443879 0.391774 0.531849 0.845358 0.536275 0.68027 0.609178 0.098478 0.0920276 0.0559658 0.0865325 0.237173 0.839513 0.522371 0.513075 0.649832 0.544591 0.0324653 0.580152 0.771089 
0.376227 0.491025 0.98164 0.244651 0.374323 0.0456596 0.310068 0.831519 0.807023 0.640024 0.368102 0.312753 0.801836 0.0704472 0.683573 0.380729 0.633931 0.926879 0.85394 0.497678 0.427834 0.822559 0.738227 0.447144 0.968903 0.363161 0.397533 0.738683 0.449083 0.937284 0.257233 0.38176 
0.697142 0.89707 0.12106 0.241546 0.228264 0.489509 0.891523 0.358107 0.385237 0.916727 0.113817 0.631126 0.132815 0.374245 0.324405 0.680116 0.795535 0.503934 0.296242 0.885962 0.351871 0.73839 0.555361 0.201518 0.548519 0.519643 0.348783 0.02462 0.148829 0.131852 0.707917 0.709072 
0.611748 0.671907 0.447516 0.696077 0.378326 0.100032 0.960257 0.0724344 0.0193006 0.979573 0.148478 0.258702 0.215529 0.579912 0.975752 0.273009 0.970075 0.0254974 0.888044 0.708609 0.277774 0.894863 0.0265226 0.625637 0.329543 0.967121 0.168576 0.901483 0.329936 0.889233 0.512452 0.510629 
0.386827 0.530089 0.944707 0.892862 0.677114 0.639027 0.548361 0.272683 0.148269 0.856303 0.635057 0.299643 0.46022 0.0245274 0.558065 0.361152 0.50271 0.153628 0.425508 0.906172 0.00851159 0.968864 0.690894 0.0994164 0.289776 0.539074 0.724148 0.388867 0.227084 0.45486 0.972083 0.833818 
0.914791 0.667285 0.440666 0.685092 0.648598 0.0291 0.919531 0.542457 0.991142 0.383103 0.806669 0.461007 0.826824 0.539118 0.887265 0.880107 0.328303 0.404425 0.544647 0.621693 0.379356 0.542129 0.120919 0.680697 0.287119 0.0429764 0.116098 0.106429 0.316488 0.246535 0.562783 0.906354 
0.580107 0.597937 0.238044 0.580887 0.14587 0.335631 0.625528 0.361306 0.910994 0.878493 0.434156 0.517612 0.474668 0.184363 0.434761 0.187552 0.715208 0.523006 0.320565 0.00309954 0.597303 0.649078 0.00518962 0.970222 0.663866 0.293144 0.200364 0.925702 0.309251 0.403218 0.633062 0.890653 
0.432606 0.928219 0.592081 0.431785 0.59278 0.354506 0.65702 0.652309 0.821719 0.402767 0.037565 0.984632 0.448143 0.937635 0.672041 0.266697 0.564064 0.956933 0.113486 0.272229 0.0820577 0.765271 0.0216887 0.137251 0.260629 0.871083 0.17941 0.433279 0.325118 0.583404 0.936468 0.940782 
0.0525082 0.596211 0.891801 0.780931 0.211534 0.764994 0.189063 0.89876 0.00893126 0.090233 0.619183 0.38244 0.0965629 0.984933 0.896581 0.271113 0.47319 0.479754 0.50839 0.967259 0.0999585 0.0396505 0.483706 0.458259 0.235263 0.0588703 0.123844 0.856755 0.399667 0.381397 0.0219736 0.374753 
0.661607 0.625358 0.913991 0.671794 0.324083 0.31622 0.833316 0.775803 0.281153 0.713927 0.561577 0.39966 0.53086 0.0852331 0.665678 0.0296348 0.889287 0.682119 0.891314 0.00120757 0.937219 0.958307 0.796319 0.992074 0.355225 0.84834 0.770674 0.720528 0.633415 0.307376 0.537279 0.274575 
0.00868992 0.0249447 0.144286 0.51376 0.222658 0.36949 0.0551073 0.911197 0.884952 0.897277 0.332191 0.712927 0.426943 0.301692 0.0704108 0.421845 0.38832 0.160394 0.350207 0.0956199 0.871103 0.667593 0.192718 0.918092 0.579681 0.455898 0.642352 0.254025 0.551079 0.131903 0.200516 0.514054 
0.0974934 0.851854 0.395544 0.233078 0.585432 0.746836 0.608989 0.579011 0.1701 0.686362 0.976802 0.608593 0.328379 0.802692 0.836364 0.41528 0.415608 0.936617 0.722184 0.0329013 0.425946 0.0938945 0.978548 0.575212 0.643678 0.364463 0.667715 0.571844 0.774683 0.900102 0.404307 0.895345 
0.0650825 0.685477 0.23107 0.538869 0.773035 0.746584 0.72143 0.482892 0.194023 0.205566 0.535468 0.437814 0.97499 0.300824 0.0789699 0.726878 0.975424 0.782089 0.247045 0.036561 0.406922 0.877751 0.431994 0.284086 0.935302 0.772266 0.610987 0.00267707 0.931505 0.673837 0.224467 0.0247531 
0.00746832 0.927403 0.693153 0.705148 0.596065 0.537236 0.455579 0.600193 0.654082 0.37304 0.668234 0.456885 0.0850668 0.233174 0.0813717 0.322017 0.611327 0.367626 0.726227 0.678059 0.144691 0.168043 0.0644355 0.264333 0.348357 0.0882482 0.602229 0.714376 0.157222 0.342138 0.72725 0.663318 
0.85446 0.554603 0.0257565 0.0573206 0.0800611 0.517137 0.755106 0.0322733 0.456688 0.824798 0.668606 0.545918 0.588812 0.89648 0.575078 0.421819 0.702952 0.357207 0.972912 0.872303 0.156653 0.684126 0.0340708 0.885207 0.844854 0.510128 0.127689 0.621473 0.239337 0.630871 0.693746 0.106255 
0.476946 0.585593 0.253626 0.20101 0.637856 0.760744 0.359111 0.708898 0.587375 0.809593 0.204072 0.796397 0.266408 0.298264 0.978172 0.0460136 0.189754 0.520875 0.375994 0.2421 0.684553 0.669237 0.963741 0.8786 0.997436 0.362888 0.0452345 0.325297 0.496915 0.172196 0.0850761 0.452729 
0.932666 0.763165 0.311486 0.888615 0.697274 0.463344 0.26462 0.575534 0.194901 0.741232 0.936928 0.659268 0.724994 0.164488 0.748224 0.497357 0.0873827 0.386447 0.729448 0.57821 0.306383 0.988749 0.574032 0.944949 0.559774 0.564667 0.0511704 0.104079 0.614438 0.731634 0.244032 0.963976 
0.741238 0.238011 0.64442 0.339756 0.727481 0.584593 0.756654 0.251464 0.932295 0.993001 0.164533 0.512905 0.863476 0.347698 0.242637 0.731065 0.977518 0.503748 0.392431 0.391933 0.794506 0.706061 0.318917 0.974589 0.89158 0.700928 0.440777 0.207296 0.664965 0.75389 0.604078 0.495617 
0.118042 0.784731 0.491591 0.854115 0.134819 0.965089 0.491201 0.0723504 0.280114 0.90258 0.334018 0.970078 0.444121 0.367046 0.78977 0.467119 0.0755666 0.828841 0.790462 0.514993 0.00968332 0.136357 0.711991 0.590858 0.700045 0.360934 0.629377 0.434827 0.413801 0.415033 0.0320556 0.060995 
0.849319 0.695526 0.230412 0.118127 0.0407103 0.479707 0.587967 0.897956 0.920272 0.366244 0.930839 0.545779 0.574092 0.178636 0.115861 0.244376 0.124289 0.223292 0.539813 0.868255 0.794988 0.0323562 0.698557 0.0467918 0.998025 0.784114 0.231382 0.49011 0.744101 0.839807 0.228857 0.133949 
0.931077 0.670762 0.876285 0.232383 0.128697 0.350325 0.2527 0.0727541 0.644479 0.251212 0.450224 0.288301 0.921192 0.450209 0.879857 0.0440164 0.535802 0.45273 0.326118 0.300189 0.266788 0.19953 0.492632 0.345138 0.330601 0.0662072 0.0138651 0.911657 0.413758 0.677045 0.452399 0.200638 
0.929475 0.122662 0.481375 0.0917281 0.229276 0.685415 0.526413 0.550055 0.832239 0.0607782 0.904827 0.651228 0.640907 0.0302082 0.910073 0.027982 0.185448 0.895911 0.126728 0.397988 0.760049 0.562947 0.730478 0.192846 0.412052 0.498388 0.243624 0.997918 0.671116 0.883779 0.392967 0.92484 
0.251627 0.157884 0.78686 0.973017 0.0620358 0.100003 0.317898 0.525951 0.704271 0.955551 0.11782 0.356315 0.266284 0.807419 0.163559 0.87684 0.77371 0.883819 0.969168 0.573444 0.458412 0.485031 0.895513 0.208683 0.37535 0.641133 0.716033 0.0563722 0.978154 0.331452 0.206064 0.307173 
0.984772 0.668577 0.245278 0.201096 0.0748952 0.363214 0.823753 0.275425 0.368491 0.761437 0.695947 0.412434 0.164319 0.893773 0.575062 0.256768 0.23679 0.448386 0.403147 0.0688805 0.943142 0.786954 0.496548 0.326903 0.181476 0.16629 0.24049 0.220528 0.709701 0.769634 0.363482 0.159394 
0.644734 0.332831 0.932249 0.788661 0.987758 0.887363 0.00531504 0.0603353 0.898192 0.118932 0.595584 0.354821 0.0337716 0.0828762 0.765832 0.842402 0.363224 0.246772 0.493591 0.152283 0.616941 0.739508 0.703966 0.93208 0.601714 0.595197 0.736985 0.725784 0.279172 0.797254 0.90444 0.779409 
0.849383 0.848722 0.247618 0.827051 0.718981 0.323365 0.674683 0.673191 0.802356 6.057e-05 0.64721 0.672889 0.577413 0.777378 0.143529 0.301309 0.755868 0.342921 0.603649 0.621393 0.298614 0.460909 0.684799 0.773659 0.647218 0.385739 0.0315746 0.901008 0.00937518 0.10239 0.783274 0.0608922 
0.885796 0.898111 0.0559814 0.950956 0.514462 0.000691551 0.523365 0.380595 0.98536 0.260588 0.446547 0.0946972 0.876648 0.0375344 0.771241 0.278329 0.139133 0.701441 0.624497 0.0355818 0.388169 0.555679 0.35644 0.631719 0.462583 0.646329 0.609537 0.200951 0.337841 0.303253 0.98041 0.243904 
0.230306 0.0574706 0.948443 0.476003 0.989032 0.749701 0.0342459 0.795545 0.908733 0.73574 0.26593 0.145436 0.194058 0.992887 0.500021 0.996541 0.658604 0.930428 0.643419 0.246577 0.315022 0.902979 0.922094 0.63784 0.097896 0.260911 0.17793 0.620054 0.15439 0.440847 0.55244 0.227871 
0.227157 0.266946 0.897057 0.564627 0.125811 0.205011 0.936845 0.373106 0.350387 0.469994 0.394161 0.338281 0.36648 0.866459 0.694728 0.0177687 0.958146 0.823572 0.92106 0.240696 0.688463 0.976762 0.127087 0.746688 0.242531 0.51002 0.252473 0.649032 0.687589 0.0426159 0.549237 0.643199 
0.570423 0.273678 0.220824 0.153583 0.759873 0.792718 0.550338 0.532326 0.361106 0.0758501 0.98403 0.869848 0.205499 0.424853 0.652514 0.552646 0.2512 0.324052 0.788165 0.162451 0.0815811 0.513185 0.22133 0.232316 0.525917 0.498534 0.927958 0.503449 0.196374 0.0270782 0.0841781 0.419858 
0.517121 0.646491 0.471207 0.658199 0.000716961 0.0147809 0.802734 0.613702 0.755738 0.378403 0.600934 0.46917 0.725316 0.0976597 0.117492 0.813224 0.105373 0.964511 0.712639 0.523994 0.886118 0.86333 0.775427 0.797293 0.781491 0.569706 0.726851 0.45715 0.802216 0.743531 0.866292 0.92749 
0.0136377 0.480421 0.917152 0.169935 0.0392223 0.430146 0.431253 0.531195 0.470647 0.697994 0.541822 0.54234 0.667213 0.52239 0.0621308 0.811259 0.286454 0.90165 0.642234 0.763869 0.312511 0.156098 0.651467 0.337081 0.430235 0.849336 0.0223316 0.794306 0.924292 0.50625 0.144179 0.396234 
0.148975 0.122745 0.963913 0.303421 0.26668 0.771092 0.52832 0.872991 0.999854 0.0802848 0.143078 0.943103 0.211302 0.0449298 0.860362 0.0735739 0.961841 0.760279 0.404422 0.0651185 0.711614 0.569834 0.151386 0.627341 0.657301 0.945419 0.457835 0.512488 0.908538 0.246402 0.263347 0.930111 
0.373449 0.771632 0.339843 0.218128 0.308819 0.506966 0.221781 0.730003 0.0749214 0.553315 0.576657 0.315671 0.0444678 0.51231 0.0638254 0.848063 0.94937 0.264958 0.101374 0.286726 0.196646 0.008904 0.891301 0.789015 0.302878 0.644827 0.97041 0.785555 0.748973 0.607624 0.369941 0.58464 
0.157281 0.0377641 0.392753 0.15413 0.152742 0.47983 0.176935 0.199879 0.575139 0.457063 0.718119 0.46305 0.307307 0.635868 0.482628 0.977583 0.247767 0.675058 0.98737 0.925993 0.252567 0.719469 0.386538 0.75949 0.125707 0.973096 0.149499 0.699536 0.345514 0.186937 0.390854 0.97136 
0.114767 0.0330937 0.796117 0.819996 0.485795 0.960932 0.627717 0.590998 0.832943 0.00111618 0.1967 0.287142 0.446737 0.123796 0.859725 0.715622 0.770997 0.0911204 0.501462 0.119725 0.274041 0.920548 0.772628 0.772057 0.753086 0.404643 0.0869553 0.930877 0.694394 0.778242 0.791615 0.823341 
0.382342 0.934781 0.469588 0.21596 0.514625 0.643997 0.31942 0.106806 0.456865 0.487799 0.771406 0.0724229 0.67043 0.14799 0.681115 0.341983 0.845086 0.456371 0.233708 0.762525 0.978654 0.633643 0.134428 0.204374 0.379661 0.496578 0.0201413 0.481704 0.474885 0.435883 0.308658 0.956942 
0.666005 0.787628 0.515595 0.366147 0.371213 0.273383 0.546963 0.854137 0.0392023 0.751298 0.783764 0.394724 0.743794 0.389287 0.315387 0.235482 0.803792 0.0290809 0.239098 0.301361 0.607631 0.425818 0.663062 0.143061 0.343454 0.52931 0.622566 0.269601 0.26117 0.046384 0.82271 0.0279463 
0.360635 0.179906 0.501768 0.980649 0.420985 0.585628 0.591171 0.0569988 0.721138 0.776421 0.733763 0.146743 0.45388 0.39716 0.38576 0.0682928 0.790305 0.00492913 0.163264 0.696827 0.227431 0.847017 0.601626 0.753261 0.225809 0.751381 0.836053 0.542017 0.0274007 0.329973 0.591142 0.938093 
0.217504 0.0437157 0.595986 0.541009 0.406493 0.953563 0.0842882 0.951102 0.0349893 0.538944 0.945636 0.461754 0.110248 0.968688 0.451589 0.815611 0.681578 0.405789 0.982408 0.657141 0.757471 0.0216689 0.609172 0.94519 0.242013 0.250298 0.850195 0.94532 0.371295 0.675755 0.915647 0.0951234 
0.484942 0.780789 0.648497 0.126512 0.860027 0.618073 0.95066 0.601803 0.814585 0.987383 0.787452 0.49138 0.588473 0.573247 0.0494567 0.385292 0.422276 0.129632 0.0413064 0.00474751 0.356805 0.242532 0.555385 0.923935 0.0390473 0.435266 0.667646 0.0842075 0.61197 0.369099 0.76527 0.247615 
0.123495 0.107043 0.494765 0.562065 0.218783 0.550799 0.717853 0.249803 0.0101649 0.831067 0.843678 0.377681 0.938244 0.826797 0.317374 0.598193 0.404122 0.116867 0.412481 0.843658 0.523109 0.608402 0.359874 0.175803 0.570039 0.551778 0.95613 0.00935857 0.898155 0.925847 0.240624 0.0456771 
0.84886 0.168976 0.396884 0.453198 0.324999 0.426528 0.311247 0.525223 0.0400171 0.590969 0.152887 0.976403 0.645609 0.00791952 0.0390692 0.269731 0.763936 0.0922644 0.662067 0.551576 0.436532 0.177337 0.0327194 0.51237 0.514609 0.0149 0.642576 0.361371 0.481307 0.459086 0.69759 0.506245 
0.370052 0.196497 0.0298811 0.226181 0.62181 0.258141 0.678695 0.937591 0.256567 0.773833 0.656158 0.399585 0.706328 0.279674 0.299379 0.400492 0.423701 0.552287 0.383381 0.855484 0.632939 0.913909 0.366275 0.984668 0.711309 0.768243 0.578081 0.879193 0.0979222 0.779823 0.652092 0.840992 
0.879207 0.464878 0.962408 0.813975 0.869087 0.0128773 0.947514 0.254649 0.630237 0.456599 0.611792 0.581019 0.771289 0.551549 0.559937 0.591774 0.218413 0.683489 0.98306 0.926118 0.234964 0.977641 0.830148 0.966652 0.974703 0.465732 0.626675 0.26629 0.20864 0.448407 0.250621 0.852609 
0.0584639 0.289153 0.177652 0.0985779 0.509799 0.854799 0.435713 0.265303 0.882157 0.921127 0.505799 0.658125 0.0614986 0.341405 0.38963 0.505473 0.848648 0.809566 0.00977752 0.155371 0.377161 0.512017 0.606989 0.144398 0.696291 0.890779 0.223718 0.539886 0.989765 0.644129 0.093254 0.773355 
0.507874 0.112015 0.515153 0.75524 0.117142 0.356256 0.0823964 0.151497 0.0524972 0.226143 0.454232 0.791421 0.686301 0.587538 0.986594 0.463695 0.915145 0.33664 0.426481 0.397268 0.59682 0.932057 0.767778 0.833946 0.792105 0.9519 0.114212 0.814397 0.672273 0.0327379 0.398848 0.31845 
0.103193 0.309853 0.112391 0.00386003 0.8876 0.156843 0.487839 0.0554077 0.811903 0.756074 0.819757 0.714835 0.850405 0.297325 0.272635 0.042151 0.97148 0.306023 0.227424 0.0682532 0.429823 0.808608 0.319593 0.78037 0.773888 0.936517 0.256813 0.585046 0.929442 0.234846 0.134832 0.38045 
0.91041 0.749537 0.0374777 0.773262 0.451831 0.66632 0.710483 0.552984 0.696678 0.635314 0.681336 0.103901 0.757438 0.490956 0.188782 0.311548 0.620534 0.963908 0.188081 0.895292 0.646775 0.49748 0.370195 0.153943 0.120646 0.130935 0.228133 0.852634 0.245116 0.356485 0.931953 0.480295 
0.592088 0.828734 0.142856 0.533723 0.0988058 0.542783 0.594379 0.546089 0.364285 0.848439 0.309634 0.763928 0.448482 0.805421 0.791537 0.8209 0.690871 0.757962 0.779748 0.751346 0.39208 0.197441 0.970131 0.25631 0.980375 0.102184 0.826974 0.211518 0.830948 0.0691848 0.866703 0.418363 
0.924825 0.642279 0.516363 0.567241 0.536456 0.13677 0.671568 0.178717 0.838175 0.062907 0.954401 0.148959 0.155473 0.0700888 0.149816 0.573994 0.356904 0.93384 0.366327 0.926141 0.0585674 0.21994 0.842678 0.163673 0.260253 0.371217 0.584198 0.392311 0.268173 0.486944 0.531859 0.96241 
0.675955 0.192173 0.76133 0.981142 0.150715 0.162252 0.114681 0.290761 0.695974 0.332777 0.0954566 0.629902 0.775138 0.405041 0.666817 0.589031 0.643644 0.421882 0.477099 0.81495 0.587122 0.0942881 0.0298537 0.511252 0.54466 0.816168 0.730437 0.225383 0.793597 0.629116 0.233271 0.515873 
0.240028 0.721723 0.301866 0.496744 0.898196 0.987361 0.957899 0.770466 0.136203 0.467947 0.968286 0.35301 0.159497 0.191313 0.549348 0.0217018 0.770261 0.392569 0.223358 0.291597 0.803144 0.0371811 0.771321 0.762297 0.0815412 0.831036 0.172042 0.136432 0.166401 0.00275801 0.533457 0.368976 
0.143253 0.868729 0.506202 0.348708 0.532721 0.809212 0.170935 0.865677 0.585445 0.615532 0.588542 0.221319 0.184739 0.477352 0.356343 0.240836 0.581269 0.856185 0.556898 0.906523 0.716795 0.900437 0.201711 0.587337 0.354678 0.743705 0.44988 0.412181 0.142979 0.354554 0.667803 0.508773 
0.519132 0.648166 0.275838 0.220746 0.967759 0.137831 0.0809982 0.70365 0.647125 0.370973 0.0767862 0.27953 0.0622246 0.989121 0.695407 0.431893 0.91973 0.565446 0.711275 0.50677 0.826478 0.982446 0.412128 0.147297 0.401845 0.797712 0.000186714 0.954595 0.662514 0.310648 0.489821 0.264073 
0.435931 0.638219 0.674077 0.322773 0.0229662 0.377194 0.375378 0.412024 0.965725 0.970097 0.148714 0.913433 0.97846 0.256648 0.741024 0.175455 0.471966 0.607205 0.179588 0.547184 0.738831 0.667418 0.630746 0.120432 0.95639 0.140917 0.612238 0.129531 0.539703 0.867434 0.630285 0.908587 
0.658544 0.4554 0.466862 0.211638 0.953861 0.310926 0.399946 0.0297895 0.388006 0.116706 0.191426 0.789538 0.47219 0.837739 0.322849 0.383196 0.832135 0.0676315 0.820422 0.20539 0.65493 0.53287 0.789285 0.766498 0.575404 0.580689 0.734361 0.610563 0.558992 0.497695 0.95751 0.22124 
0.437094 0.418787 0.586556 0.683783 0.222771 0.561858 0.920389 0.234347 0.110804 0.279232 0.552741 0.452481 0.440386 0.654199 0.916485 0.185863 0.348574 0.385165 0.15337 0.890505 0.932443 0.999208 0.237208 0.0717519 0.148374 0.820866 0.929678 0.355898 0.962496 0.796952 0.353493 0.850953 
0.641006 0.446484 0.451926 0.96212 0.293023 0.669695 0.80421 0.385383 0.46429 0.642271 0.587781 0.733226 0.855647 0.541743 0.95942 0.281136 0.0667568 0.384354 0.964093 0.763933 0.196892 0.979706 0.702417 0.799236 0.0538691 0.722657 0.483626 0.794926 0.716058 0.176419 0.91872 0.577706 
0.385726 0.227706 0.783539 0.970702 0.73552 0.609864 0.950336 0.711572 0.456473 0.321654 0.188705 0.873681 0.722889 0.978079 0.0752034 0.314724 0.406463 0.962542 0.590787 0.680084 0.270862 0.257488 0.342772 0.0839969 0.939516 0.405161 0.200502 0.343814 0.195789 0.255839 0.757596 0.238022 
0.698843 0.593366 0.145083 0.763709 0.852872 0.955987 0.958999 0.706371 0.291345 0.0379117 0.39023 0.733127 0.940639 0.11354 0.542242 0.474774 0.0457283 0.650677 0.87258 0.461853 0.523266 0.17779 0.121118 0.613848 0.71641 0.287503 0.499451 0.958059 0.0333235 0.235813 0.103053 0.821992 
0.992243 0.159729 0.751901 0.287379 0.328745 0.929848 0.712523 0.812075 0.454761 0.327263 0.138307 0.625378 0.679835 0.930397 0.125154 0.73706 0.54654 0.45733 0.752918 0.607276 0.102754 0.419156 0.99567 0.767555 0.76258 0.922206 0.729385 0.847985 0.401083 0.400145 0.957032 0.757494 
0.471315 0.489597 0.0165908 0.229734 0.471302 0.293799 0.981816 0.115522 0.505558 0.0099126 0.272518 0.224431 0.605089 0.887219 0.566443 0.644103 0.279923 0.308866 0.499005 0.56856 0.546329 0.260046 0.145973 0.368372 0.784119 0.596133 0.181873 0.233218 0.904192 0.396188 0.853701 0.977471 
0.357867 0.0129177 0.727789 0.485438 0.887422 0.169229 0.243248 0.471642 0.135776 0.360334 0.0155637 0.80178 0.100704 0.595858 0.262231 0.030015 0.109695 0.699215 0.891062 0.0546777 0.281437 0.398432 0.978683 0.442668 0.824861 0.28112 0.46817 0.825862 0.768692 0.238566 0.252717 0.548473 
0.938015 0.119928 0.772062 0.737601 0.850776 0.8892 0.883425 0.900916 0.980705 0.33243 0.929011 0.94756 0.648182 0.664591 0.358559 0.745304 0.602561 0.786319 0.153514 0.814593 0.723382 0.545945 0.259717 0.0976742 0.484833 0.144622 0.761773 0.924559 0.820321 0.330459 0.146004 0.00791325 
0.663658 0.187612 0.716554 0.575433 0.470017 0.767539 0.981066 0.128594 0.550519 0.313223 0.0279554 0.0293463 0.577622 0.0829154 0.0439283 0.172879 0.459865 0.500768 0.915267 0.419669 0.107779 0.230916 0.945409 0.595152 0.355343 0.892712 0.300574 0.881095 0.121134 0.938229 0.937686 0.34527 
0.0175488 0.353041 0.180811 0.266067 0.625683 0.443098 0.736313 0.637037 0.300557 0.323877 0.798146 0.532163 0.127381 0.586723 0.137979 0.868708 0.12927 0.669408 0.89681 0.0981235 0.530232 0.958091 0.277943 0.281068 0.470052 0.947703 0.801014 0.271186 0.231585 0.198617 0.429725 0.807906 
0.152302 0.61706 0.47229 0.646321 0.403485 0.759822 0.321008 0.722167 0.959658 0.579242 0.634561 0.524801 0.48595 0.168547 0.687549 0.606172 0.552886 0.306427 0.394491 0.433194 0.657485 0.725894 0.312953 0.614736 0.370374 0.485212 0.0819175 0.578678 0.896442 0.953405 0.334635 0.170126 
0.976641 0.796705 0.293176 0.00449004 0.264204 0.954945 0.474267 0.294314 0.342393 0.229197 0.565304 0.217167 0.695892 0.472763 0.15901 0.988406 0.39773 0.38944 0.442853 0.217571 0.962827 0.424499 0.586163 0.339221 0.480558 0.90409 0.167614 0.793402 0.462136 0.256941 0.68647 0.244333 
0.153374 0.330156 0.292883 0.73037 0.766005 0.105832 0.76788 0.256568 0.226556 0.705752 0.873752 0.607242 0.939131 0.665426 0.854645 0.520622 0.885721 0.115148 0.386401 0.28941 0.149236 0.149414 0.442864 0.442436 0.910712 0.94109 0.0190766 0.259135 0.00844614 0.881413 0.53211 0.161135 
0.830473 0.0717413 0.853625 0.0161588 0.45489 0.353967 0.648999 0.550216 0.353806 0.986059 0.429344 0.484696 0.62881 0.0991607 0.88142 0.566003 0.675689 0.92264 0.642341 0.0717345 0.0835785 0.568231 0.116665 0.0428845 0.383662 0.978112 0.54971 0.884812 0.452856 0.930655 0.0299145 0.71945 
0.955358 0.469567 0.253855 0.651504 0.381974 0.338542 0.357388 0.411669 0.450895 0.166705 0.676274 0.840198 0.734292 0.419585 0.166136 0.711819 0.0526592 0.501946 0.949796 0.351496 0.733674 0.934707 0.116171 0.609151 0.563149 0.493583 0.511054 0.398788 0.135693 0.210121 0.0563715 0.831104 
0.0152053 0.227186 0.84246 0.916023 0.323478 0.682755 0.0264933 0.938671 0.211756 0.150091 0.0917362 0.668881 0.332237 0.526894 0.982743 0.125084 0.569266 0.291381 0.56062 0.869717 0.673399 0.940971 0.743312 0.510287 0.138727 0.10376 0.319615 0.355686 0.820725 0.503598 0.520824 0.99718 
0.633956 0.583142 0.828267 0.152053 0.86083 0.265709 0.291695 0.677151 0.121161 0.179433 0.970108 0.626827 0.253972 0.899747 0.349558 0.154723 0.980322 0.115849 0.572996 0.750075 0.931393 0.110031 0.527805 0.132517 0.772047 0.204292 0.226705 0.998444 0.84519 0.650538 0.640518 0.598066 
0.952106 0.85875 0.610722 0.136629 0.368761 0.961554 0.121538 0.0991635 0.0309624 0.622485 0.315191 0.902726 0.971155 0.264656 0.866453 0.36468 0.253607 0.596888 0.912671 0.13511 0.250742 0.0370446 0.302228 0.712208 0.102734 0.299166 0.552965 0.791129 0.989205 0.426173 0.521782 0.872922 
0.468579 0.213861 0.88947 0.72936 0.376942 0.487625 0.201838 0.0454456 0.323291 0.634084 0.28272 0.985265 0.101318 0.645046 0.546199 0.0032014 0.840385 0.407468 0.514234 0.725368 0.723374 0.797261 0.114341 0.965383 0.870187 0.885132 0.651136 0.289373 0.704054 0.773241 0.229246 0.855291 
0.490618 0.232824 0.966414 0.922592 0.716537 0.540416 0.367096 0.882271 0.773479 0.767235 0.506839 0.0409509 0.558201 0.847942 0.507255 0.741907 0.472759 0.559715 0.0461395 0.31038 0.898186 0.308751 0.453562 0.569677 0.765463 0.248132 0.0726779 0.85974 0.714186 0.771381 0.170819 0.472444 
0.455958 0.503373 0.918293 0.991688 0.0316458 0.184334 0.840557 0.0875718 0.975512 0.704412 0.0113921 0.698001 0.30862 0.501451 0.139708 0.603512 0.213405 0.282825 0.696058 0.19881 0.28879 0.0868857 0.600392 0.239892 0.881549 0.591367 0.221756 0.0072872 0.116742 0.230531 0.552512 0.193049 
0.682703 0.0887773 0.399732 0.236588 0.802861 0.127953 0.1206 0.781521 0.351786 0.787241 0.664694 0.0882105 0.971049 0.930467 0.801847 0.838374 0.62052 0.920056 0.415788 0.893424 0.458274 0.781781 0.4756 0.697216 0.432638 0.381197 0.652029 0.781777 0.081455 0.26409 0.588645 0.293887 
0.581017 0.993394 0.885102 0.577672 0.0683005 0.822862 0.951633 0.127784 0.61899 0.148248 0.11132 0.366949 0.252957 0.735986 0.226198 0.846313 0.240555 0.659418 0.174757 0.581857 0.503802 0.571381 0.384939 0.930306 0.310508 0.908126 0.7471 0.366389 0.458597 0.872797 0.180471 0.154268 
0.567379 0.981677 0.499874 0.615206 0.625815 0.689974 0.673803 0.875282 0.432996 0.947003 0.77823 0.274224 0.289342 0.398578 0.970847 0.0234102 0.0802943 0.434936 0.596683 0.940141 0.794431 0.0381738 0.0971385 0.154363 0.796601 0.330765 0.798934 0.00470326 0.560705 0.62944 0.516482 0.821486 
0.375877 0.607937 0.115077 0.766501 0.126734 0.756821 0.317167 0.0146459 0.449031 0.715592 0.901186 0.76254 0.549332 0.35687 0.558305 0.885022 0.862379 0.00968763 0.673525 0.153132 0.803763 0.845013 0.863508 0.290593 0.649511 0.0964952 0.974428 0.409421 0.545016 0.503863 0.635968 0.0781581 
0.0899288 0.0777491 0.184066 0.402707 0.396767 0.311375 0.768236 0.844481 0.093299 0.128744 0.0182852 0.136038 0.363703 0.609992 0.479585 0.972398 0.0103279 0.677775 0.178085 0.427876 0.72979 0.057719 0.0825035 0.764355 0.406575 0.884704 0.464111 0.68724 0.730648 0.502406 0.873881 0.609036 
0.164045 0.461568 0.0516921 0.993969 0.0572076 0.275661 0.674166 0.255896 0.831089 0.284833 0.58573 0.812431 0.814292 0.894237 0.971054 0.736126 0.589414 0.803799 0.233645 0.39197 0.910428 0.989551 0.966681 0.368658 0.174898 0.285922 0.051562 0.00781345 0.035552 0.671504 0.144856 0.47677 
0.421018 0.917092 0.937743 0.826332 0.781916 0.83759 0.930104 0.566213 0.44761 0.836478 0.433798 0.285544 0.492227 0.361331 0.579351 0.501076 0.533563 0.0415085 0.238167 0.330909 0.102183 0.598497 0.169072 0.144975 0.48743 0.436965 0.637076 0.970031 0.0404901 0.491881 0.815046 0.348056 
0.408208 0.112441 0.528085 0.0509037 0.302148 0.667448 0.749863 0.267839 0.540192 0.523607 0.731186 0.389585 0.326894 0.119544 0.440877 0.320442 0.195946 0.162977 0.329836 0.791516 0.784641 0.97863 0.419685 0.887166 0.933676 0.36235 0.488447 0.339503 0.107425 0.402121 0.963374 0.822315 
0.761835 0.100926 0.010792 0.139967 0.388889 0.921086 0.13336 0.572483 0.535801 0.160855 0.792675 0.0348634 0.0787347 0.845812 0.346081 0.98408 0.236372 0.900479 0.573816 0.393385 0.769358 0.83985 0.312608 0.476891 0.675677 0.698087 0.300341 0.0927044 0.391105 0.344705 0.0896173 0.393189 
0.571157 0.996337 0.757009 0.330591 0.415784 0.118158 0.804685 0.565809 0.473193 0.454705 0.232557 0.273839 0.323569 0.00178202 0.541468 0.989913 0.328217 0.477679 0.879824 0.534533 0.595224 0.358157 0.475403 0.5187 0.762411 0.872971 0.663642 0.449867 0.844798 0.223002 0.351328 0.288331 
